[gd_scene load_steps=17 format=2]

[ext_resource path="res://System/GameUIControl.tscn" type="PackedScene" id=1]
[ext_resource path="res://Player/Player.tscn" type="PackedScene" id=2]
[ext_resource path="res://Environment/sculptjanuary_2018__jan_18/scene.gltf" type="PackedScene" id=3]
[ext_resource path="res://Environment/TorchParticleMaterial.material" type="Material" id=4]
[ext_resource path="res://Player/Sword/Fire/FireSword_FireBaseMaterial.tres" type="Material" id=5]
[ext_resource path="res://Enemy/EnemySpawner.tscn" type="PackedScene" id=6]
[ext_resource path="res://Enemy/Slime/SlimeEnemy.tscn" type="PackedScene" id=7]

[sub_resource type="Environment" id=2]

background_mode = 0
background_sky_custom_fov = 0.0
background_color = Color( 0, 0, 0, 1 )
background_energy = 1.0
background_canvas_max_layer = 0
ambient_light_color = Color( 0.226563, 0.226563, 0.226563, 1 )
ambient_light_energy = 1.2
ambient_light_sky_contribution = 1.0
fog_enabled = false
fog_color = Color( 0.5, 0.6, 0.7, 1 )
fog_sun_color = Color( 1, 0.9, 0.7, 1 )
fog_sun_amount = 0.0
fog_depth_enabled = true
fog_depth_begin = 10.0
fog_depth_curve = 1.0
fog_transmit_enabled = false
fog_transmit_curve = 1.0
fog_height_enabled = false
fog_height_min = 0.0
fog_height_max = 100.0
fog_height_curve = 1.0
tonemap_mode = 0
tonemap_exposure = 1.0
tonemap_white = 1.0
auto_exposure_enabled = false
auto_exposure_scale = 0.4
auto_exposure_min_luma = 0.05
auto_exposure_max_luma = 8.0
auto_exposure_speed = 0.5
ss_reflections_enabled = true
ss_reflections_max_steps = 64
ss_reflections_fade_in = 0.15
ss_reflections_fade_out = 2.0
ss_reflections_depth_tolerance = 0.2
ss_reflections_roughness = true
ssao_enabled = false
ssao_radius = 1.0
ssao_intensity = 1.0
ssao_radius2 = 0.0
ssao_intensity2 = 1.0
ssao_bias = 0.01
ssao_light_affect = 0.0
ssao_color = Color( 0, 0, 0, 1 )
ssao_quality = 0
ssao_blur = 3
ssao_edge_sharpness = 4.0
dof_blur_far_enabled = false
dof_blur_far_distance = 10.0
dof_blur_far_transition = 5.0
dof_blur_far_amount = 0.1
dof_blur_far_quality = 1
dof_blur_near_enabled = false
dof_blur_near_distance = 2.0
dof_blur_near_transition = 1.0
dof_blur_near_amount = 0.1
dof_blur_near_quality = 1
glow_enabled = false
glow_levels/1 = false
glow_levels/2 = false
glow_levels/3 = true
glow_levels/4 = false
glow_levels/5 = true
glow_levels/6 = false
glow_levels/7 = false
glow_intensity = 0.8
glow_strength = 1.5
glow_bloom = 0.0
glow_blend_mode = 2
glow_hdr_threshold = 4.0
glow_hdr_scale = 3.0
glow_bicubic_upscale = false
adjustment_enabled = false
adjustment_brightness = 1.0
adjustment_contrast = 1.0
adjustment_saturation = 1.0
_sections_unfolded = [ "Ambient Light" ]

[sub_resource type="BoxShape" id=3]

extents = Vector3( 2.18501, 1, 7.28303 )

[sub_resource type="BoxShape" id=4]

extents = Vector3( 2.92485, 1.41084, 5.67346 )

[sub_resource type="BoxShape" id=5]

extents = Vector3( 1.5558, 1.41084, 5.50848 )

[sub_resource type="BoxShape" id=11]

extents = Vector3( 1.96605, 0.952954, 2.90878 )

[sub_resource type="BoxShape" id=7]

extents = Vector3( 10.2442, 2.34012, 0.561612 )

[sub_resource type="BoxShape" id=8]

extents = Vector3( 1.93094, 2.34012, 0.561612 )

[sub_resource type="BoxShape" id=9]

extents = Vector3( 2.18474, 2.34012, 0.561612 )

[sub_resource type="QuadMesh" id=10]

material = ExtResource( 5 )
size = Vector2( 1, 1 )

[node name="World" type="Spatial" index="0"]

_sections_unfolded = [ "Transform" ]

[node name="UIControl" parent="." index="0" instance=ExtResource( 1 )]

[node name="WorldEnvironment" type="WorldEnvironment" parent="." index="1"]

environment = SubResource( 2 )

[node name="MainCamera" type="Camera" parent="." index="2"]

transform = Transform( -1, -4.37114e-08, 7.57104e-08, 0, 0.866026, 0.5, -8.74228e-08, 0.5, -0.866026, 0, 11.4782, -17.9809 )
keep_aspect = 1
cull_mask = 1048575
environment = null
h_offset = 0.0
v_offset = 0.0
doppler_tracking = 2
projection = 0
current = true
fov = 70.0
size = 1.0
near = 0.05
far = 100.0
_sections_unfolded = [ "Transform" ]

[node name="Player" parent="." index="3" instance=ExtResource( 2 )]

transform = Transform( 1, 0, -2.90958e-08, 0, 1, 0, 2.90958e-08, 0, 1, 4.37471, 2.41702, -2.29181 )
player_spd = 8

[node name="CaveContainer" type="StaticBody" parent="." index="4"]

editor/display_folded = true
input_ray_pickable = true
input_capture_on_drag = false
collision_layer = 1
collision_mask = 1
friction = 1.0
bounce = 0.0
constant_linear_velocity = Vector3( 0, 0, 0 )
constant_angular_velocity = Vector3( 0, 0, 0 )

[node name="Cave2SceneRoot" parent="CaveContainer" index="0" instance=ExtResource( 3 )]

transform = Transform( -0.1, 0, -8.74228e-09, 0, 0.1, 0, 8.74228e-09, 0, -0.1, 0, -3.98137, 0 )
_sections_unfolded = [ "Transform" ]

[node name="CollisionShape" type="CollisionShape" parent="CaveContainer" index="1"]

transform = Transform( 0.722371, 0, 0.691505, 0, 1, 0, -0.691505, 0, 0.722371, -0.0994675, -0.680681, -6.81726 )
shape = SubResource( 3 )
disabled = false

[node name="CollisionShape2" type="CollisionShape" parent="CaveContainer" index="2"]

transform = Transform( 0.720156, -0.0565304, 0.691505, 0.0782568, 0.996933, 0, -0.689385, 0.054115, 0.722371, 4.38062, -1.01932, -9.56623 )
shape = SubResource( 4 )
disabled = false

[node name="CollisionShape3" type="CollisionShape" parent="CaveContainer" index="3"]

transform = Transform( 0.723241, 0.0273214, 0.690055, -0.0566236, 0.998199, 0.0198249, -0.688271, -0.0534116, 0.723485, -1.66164, -1.01069, -2.7852 )
shape = SubResource( 5 )
disabled = false
_sections_unfolded = [ "Transform" ]

[node name="CollisionShape4" type="CollisionShape" parent="CaveContainer" index="4"]

transform = Transform( 0.0035525, 0.324289, 0.945952, -0.0111607, 0.945912, -0.324233, -0.999931, -0.00940563, 0.00697964, -7.61997, -0.0544552, -7.80211 )
shape = SubResource( 11 )
disabled = false
_sections_unfolded = [ "Transform" ]

[node name="CollisionShape5" type="CollisionShape" parent="CaveContainer" index="5"]

transform = Transform( 1, 0, 0, 0, 1, 0, 0, 0, 1, -1.56785, 2.26284, -10.5776 )
shape = SubResource( 7 )
disabled = false
_sections_unfolded = [ "Transform" ]

[node name="CollisionShape6" type="CollisionShape" parent="CaveContainer" index="6"]

transform = Transform( 0.387664, 0, -0.921801, 0, 1, 0, 0.921801, 0, 0.387664, 9.82453, 2.26284, -8.3907 )
shape = SubResource( 8 )
disabled = false
_sections_unfolded = [ "Transform" ]

[node name="CollisionShape7" type="CollisionShape" parent="CaveContainer" index="7"]

transform = Transform( -0.645444, 0, -0.763808, 0, 1, 0, 0.763808, 0, -0.645444, 9.09637, 2.26284, -4.87194 )
shape = SubResource( 9 )
disabled = false
_sections_unfolded = [ "Transform" ]

[node name="CollisionShape8" type="CollisionShape" parent="CaveContainer" index="8"]

transform = Transform( -0.989823, 0.0310469, -0.138877, 0, 0.975911, 0.218171, 0.142305, 0.21595, -0.965979, 1.20359, 2.78775, 1.17664 )
shape = SubResource( 9 )
disabled = false
_sections_unfolded = [ "Transform" ]

[node name="Torch" type="OmniLight" parent="." index="5"]

transform = Transform( 1, 0, 0, 0, 1, 0, 0, 0, 1, 5.40647, 5.40248, 2.77504 )
layers = 1
light_color = Color( 0.953125, 0.595819, 0.4021, 1 )
light_energy = 2.0
light_indirect_energy = 1.5
light_negative = false
light_specular = 0.75
light_bake_mode = 1
light_cull_mask = -1
shadow_enabled = false
shadow_color = Color( 0, 0, 0, 1 )
shadow_bias = 0.2
shadow_contact = 0.0
shadow_reverse_cull_face = false
editor_only = false
omni_range = 12.0
omni_attenuation = 1.51572
omni_shadow_mode = 1
omni_shadow_detail = 1
_sections_unfolded = [ "Omni", "Transform" ]

[node name="TorchParticles" type="Particles" parent="Torch" index="0"]

transform = Transform( 1, 0, 0, 0, -4.37114e-08, 1, 0, -1, -4.37114e-08, 0, -0.163735, 0 )
layers = 1
material_override = null
cast_shadow = 1
extra_cull_margin = 0.0
use_in_baked_light = false
lod_min_distance = 0.0
lod_min_hysteresis = 0.0
lod_max_distance = 0.0
lod_max_hysteresis = 0.0
emitting = true
amount = 15
lifetime = 1.2
one_shot = false
preprocess = 0.0
speed_scale = 1.5
explosiveness = 0.2
randomness = 0.0
fixed_fps = 0
fract_delta = true
visibility_aabb = AABB( -1.48961, -1.5855, -4, 2.97923, 3.171, 8 )
local_coords = true
draw_order = 0
process_material = ExtResource( 4 )
draw_passes = 1
draw_pass_1 = SubResource( 10 )
_sections_unfolded = [ "Process Material", "Time", "Transform" ]

[node name="EnemySpawner" parent="." index="6" instance=ExtResource( 6 )]

[node name="EnemySpawner2" parent="." index="7" instance=ExtResource( 6 )]

transform = Transform( 1, 0, 0, 0, 1, 0, 0, 0, 1, 4.76321, 0.847404, -9.51809 )

[node name="Enemy" parent="." index="8" instance=ExtResource( 7 )]

transform = Transform( 1, 0, 0, 0, 1, 0, 0, 0, 1, 0.231953, 0.372001, -5.68273 )
_sections_unfolded = [ "Collision", "Transform" ]


